#      R               Vobs         	       Vgas             Vst      Qmax           Qpop
#u2885
       6.680000        256.0000  	       0.000000        223.8057  1.733333       0.5066667
       13.40000        271.0000  	       0.000000        188.8306  1.733333       0.5066667
       19.10000        282.0000  	       0.000000        213.0634  1.733333       0.5066667
       22.90000        287.0000  	       28.50000        215.7244  1.733333       0.5066667
       26.70000        283.0000  	       39.80000        214.7073  1.733333       0.5066667
       30.60000        280.0000  	       44.60000        218.3644  1.733333       0.5066667
       34.40000        280.0000  	       49.80000        219.0390  1.733333       0.5066667
       38.20000        281.0000  	       59.10000        209.0769  1.733333       0.5066667
       42.00000        282.0000  	       66.50000        198.4235  1.733333       0.5066667
       45.80000        287.0000  	       64.40000        190.6923  1.733333       0.5066667
       49.70000        292.0000  	       70.50000        183.1154  1.733333       0.5066667
       53.50000        298.0000  	       78.40000        178.4248  1.733333       0.5066667
       57.30000        298.0000  	       82.50000        167.3898  1.733333       0.5066667
       61.10000        298.0000  	       82.50000        158.3350  1.733333       0.5066667
       64.90000        298.0000  	       82.00000        151.1651  1.733333       0.5066667
       68.80000        298.0000  	       85.00000        145.8664  1.733333       0.5066667
       72.60000        298.0000  	       85.40000        140.6517  1.733333       0.5066667
#n5533
#--------------  #--------------  	#--------------  #--------------  
       8.640000        297.0000  	       14.20000        283.8596  7.941176       0.7441176
       14.40000        273.0000  	       25.90000        233.2010  7.941176       0.7441176
       20.20000        273.0000  	       31.90000        199.0389  7.941176       0.7441176
       25.90000        271.0000  	       43.30000        177.5029  7.941176       0.7441176
       37.40000        245.0000  	       44.00000        149.3801  7.941176       0.7441176
       43.20000        240.0000  	       45.50000        139.0696  7.941176       0.7441176
       49.00000        243.0000  	       48.10000        132.2695  7.941176       0.7441176
       54.70000        245.0000  	       50.60000        123.8530  7.941176       0.7441176
       60.50000        244.0000  	       48.50000        117.1155  7.941176       0.7441176
       66.20000        237.0000  	       45.20000        111.5968  7.941176       0.7441176
       72.00000        227.0000  	       46.70000        107.1905  7.941176       0.7441176
#n6674
#--------------  #--------------  	#--------------  #--------------  
       12.00000        291.0000  	       0.000000        245.4084  6.923077       0.4346154
       16.70000        274.0000  	       0.000000        213.3902  6.923077       0.4346154
       21.50000        266.0000  	       22.90000        189.2990  6.923077       0.4346154
       26.30000        255.0000  	       34.70000        172.4236  6.923077       0.4346154
       31.10000        250.0000  	       41.30000        159.0919  6.923077       0.4346154
       35.90000        242.0000  	       44.60000        148.2464  6.923077       0.4346154
       40.60000        237.0000  	       48.60000        140.4451  6.923077       0.4346154
       45.40000        235.0000  	       49.80000        133.0795  6.923077       0.4346154
       50.20000        236.0000  	       47.60000        125.4792  6.923077       0.4346154
       55.00000        242.0000  	       49.60000        119.6202  6.923077       0.4346154
       59.80000        246.0000  	       49.90000        114.9620  6.923077       0.4346154
       64.50000        242.0000  	       47.30000        110.4616  6.923077       0.4346154
       69.30000        242.0000  	       43.80000        106.2078  6.923077       0.4346154
#n3992
#--------------  #--------------  	#--------------  #--------------  
       6.010000        248.0000  	       0.000000        234.0000  1.183674       0.4244898
       9.020000        264.0000  	       5.310000        250.0000  1.183674       0.4244898
       12.00000        272.0000  	       25.50000        262.0000  1.183674       0.4244898
       15.00000        271.0000  	       37.40000        241.0000  1.183674       0.4244898
       18.00000        264.0000  	       42.30000        215.0000  1.183674       0.4244898
       21.00000        242.0000  	       39.90000        192.0000  1.183674       0.4244898
       24.00000        244.0000  	       37.80000        176.0000  1.183674       0.4244898
       27.10000        241.0000  	       36.60000        163.0000  1.183674       0.4244898
       30.10000        237.0000  	       36.30000        153.0000  1.183674       0.4244898
#n7331
#--------------  #--------------  	#--------------  #--------------  
       4.876009        253.0000  	     0.02442900        249.6765  2.320000       0.5760000
       5.417788        257.0000  	     0.05115600        246.6995  2.320000       0.5760000
       5.959567        257.0000  	       1.959240        243.5606  2.320000       0.5760000
       6.501345        257.0000  	       9.508520        241.5210  2.320000       0.5760000
       7.584903        257.0000  	       15.01040        235.6816  2.320000       0.5760000
       8.668461        255.0000  	       20.75240        223.6728  2.320000       0.5760000
       9.752018        248.0000  	       26.98160        218.3257  2.320000       0.5760000
       10.83558        247.0000  	       33.08320        214.8848  2.320000       0.5760000
       11.91913        246.0000  	       39.02240        211.1792  2.320000       0.5760000
       13.00269        244.0000  	       44.67160        207.3302  2.320000       0.5760000
       14.08625        242.0000  	       49.14920        203.7123  2.320000       0.5760000
       15.16981        238.0000  	       52.07240        199.1313  2.320000       0.5760000
       16.25336        236.0000  	       54.99560        193.1286  2.320000       0.5760000
       17.33692        233.0000  	       58.76560        188.0837  2.320000       0.5760000
       18.42048        234.0000  	       63.04600        185.0074  2.320000       0.5760000
       19.50404        236.0000  	       66.63040        183.0793  2.320000       0.5760000
       20.58759        237.0000  	       69.14760        180.9028  2.320000       0.5760000
       21.67115        238.0000  	       71.32840        178.0612  2.320000       0.5760000
       22.75471        240.0000  	       73.23080        174.4981  2.320000       0.5760000
       23.83827        238.0000  	       73.61360        170.5607  2.320000       0.5760000
       24.92182        237.0000  	       72.48840        166.2595  2.320000       0.5760000
       26.00538        236.0000  	       71.44440        161.7054  2.320000       0.5760000
       27.08894        238.0000  	       70.62080        157.1354  2.320000       0.5760000
       28.17250        239.0000  	       69.18240        153.1842  2.320000       0.5760000
       29.25605        239.0000  	       67.08280        149.3764  2.320000       0.5760000
       30.33961        241.0000  	       64.63520        145.7238  2.320000       0.5760000
       31.42317        236.0000  	       62.41960        142.5775  2.320000       0.5760000
       32.50673        236.0000  	       61.22480        139.8446  2.320000       0.5760000
       33.59028        239.0000  	       60.55200        137.0272  2.320000       0.5760000
       34.67384        237.0000  	       59.49640        134.5057  2.320000       0.5760000
       35.75740        241.0000  	       58.05800        132.2785  2.320000       0.5760000
#n3953
#--------------  #--------------  	#--------------  #--------------  
       6.010000        216.0000  	       0.000000        204.0000  1.000000       0.7370371
       7.510000        223.0000  	       8.410000        205.0000  1.000000       0.7370371
       9.020000        224.0000  	       17.80000        197.0000  1.000000       0.7370371
       10.50000        223.0000  	       26.80000        193.0000  1.000000       0.7370371
       12.00000        224.0000  	       33.00000        189.0000  1.000000       0.7370371
       13.20000        234.0000  	       34.40000        182.0000  1.000000       0.7370371
       13.50000        215.0000  	       34.80000        180.0000  1.000000       0.7370371
#n5907
#--------------  #--------------  	#--------------  #--------------  
       6.400000        235.0000  	       0.000000        221.4520  1.205128       0.6743590
       8.000000        235.0000  	       13.50000        216.1342  1.205128       0.6743590
       9.600000        230.0000  	       19.50000        208.3867  1.205128       0.6743590
       11.20000        231.0000  	       24.80000        201.1536  1.205128       0.6743590
       12.80000        232.0000  	       33.70000        191.9901  1.205128       0.6743590
       14.40000        225.0000  	       42.80000        183.3652  1.205128       0.6743590
       16.00000        224.0000  	       39.70000        175.1207  1.205128       0.6743590
       17.60000        229.0000  	       43.30000        168.0425  1.205128       0.6743590
       19.20000        218.0000  	       51.10000        165.6483  1.205128       0.6743590
       20.80000        214.0000  	       49.10000        151.0008  1.205128       0.6743590
       22.40000        213.0000  	       51.80000        143.6078  1.205128       0.6743590
       24.00000        211.0000  	       49.40000        137.1942  1.205128       0.6743590
       25.60000        217.0000  	       50.40000        131.8042  1.205128       0.6743590
       27.20000        216.0000  	       48.40000        127.3862  1.205128       0.6743590
       28.80000        215.0000  	       48.30000        123.0182  1.205128       0.6743590
       30.40000        217.0000  	       47.90000        119.6194  1.205128       0.6743590
       32.00000        214.0000  	       49.70000        116.2702  1.205128       0.6743590
#n2998
#--------------  #--------------  	#--------------  #--------------  
       7.470000        206.0000  	       16.70000        172.8178  2.333333       0.5833333
       12.30000        214.0000  	       31.80000        159.9281  2.333333       0.5833333
       17.20000        212.0000  	       44.40000        151.5004  2.333333       0.5833333
       22.10000        213.0000  	       52.00000        135.9016  2.333333       0.5833333
       27.00000        214.0000  	       57.90000        125.3138  2.333333       0.5833333
       31.80000        213.0000  	       63.40000        110.2940  2.333333       0.5833333
       36.70000        213.0000  	       65.50000        101.1124  2.333333       0.5833333
       41.60000        203.0000  	       63.90000        94.27757  2.333333       0.5833333
       46.50000        198.0000  	       62.50000        88.71104  2.333333       0.5833333
#n801
#--------------  #--------------  	#--------------  #--------------  
       10.50000        229.0000  	       23.10000        175.8551  6.000000       0.9500000
       17.50000        225.0000  	       37.30000        146.7353  6.000000       0.9500000
       24.40000        220.0000  	       47.00000        130.4383  6.000000       0.9500000
       31.40000        222.0000  	       59.00000        121.8017  6.000000       0.9500000
       38.40000        219.0000  	       61.50000        115.7209  6.000000       0.9500000
       45.40000        214.0000  	       58.20000        100.9050  6.000000       0.9500000
       52.40000        216.0000  	       58.70000        92.57349  6.000000       0.9500000
       59.30000        216.0000  	       66.60000        86.26268  6.000000       0.9500000
#n5371
#--------------  #--------------  	#--------------  #--------------  
       1.240000        216.0000  	       0.000000        209.9570  2.125000       0.9750000
       4.950000        214.0000  	       0.000000        210.7318  2.125000       0.9750000
       6.180000        215.0000  	       0.000000        204.5108  2.125000       0.9750000
       7.420000        221.0000  	       0.000000        195.5096  2.125000       0.9750000
       9.890000        233.0000  	       10.40000        199.5294  2.125000       0.9750000
       12.40000        237.0000  	       25.40000        190.3182  2.125000       0.9750000
       14.80000        242.0000  	       37.70000        182.2224  2.125000       0.9750000
       17.30000        241.0000  	       47.40000        186.0108  2.125000       0.9750000
       19.80000        240.0000  	       53.50000        177.8595  2.125000       0.9750000
       22.30000        234.0000  	       52.70000        163.9263  2.125000       0.9750000
       24.70000        226.0000  	       51.10000        152.1244  2.125000       0.9750000
       27.20000        213.0000  	       48.90000        143.9528  2.125000       0.9750000
       29.70000        207.0000  	       46.90000        143.3375  2.125000       0.9750000
       32.10000        208.0000  	       44.60000        130.1876  2.125000       0.9750000
       34.60000        209.0000  	       41.80000        124.2524  2.125000       0.9750000
       37.10000        207.0000  	       39.40000        119.2742  2.125000       0.9750000
       39.60000        213.0000  	       37.90000        114.9679  2.125000       0.9750000
#n5033
#--------------  #--------------  	#--------------  #--------------  
       5.190000        225.0000  	       19.50000        213.0000  1.000000       0.2260870
       6.060000        222.0000  	       21.40000        201.0000  1.000000       0.2260870
       7.790000        220.0000  	       24.80000        185.0000  1.000000       0.2260870
       9.520000        218.0000  	       26.30000        191.0000  1.000000       0.2260870
       11.30000        219.0000  	       31.70000        177.0000  1.000000       0.2260870
       13.00000        217.0000  	       36.30000        172.0000  1.000000       0.2260870
       14.70000        218.0000  	       39.80000        168.0000  1.000000       0.2260870
       16.40000        220.0000  	       45.20000        166.0000  1.000000       0.2260870
       18.20000        222.0000  	       49.40000        166.0000  1.000000       0.2260870
       19.90000        218.0000  	       50.80000        158.0000  1.000000       0.2260870
       21.60000        217.0000  	       49.40000        143.0000  1.000000       0.2260870
       23.40000        207.0000  	       46.40000        135.0000  1.000000       0.2260870
       25.10000        199.0000  	       44.70000        129.0000  1.000000       0.2260870
       26.80000        191.0000  	       42.40000        124.0000  1.000000       0.2260870
       28.60000        193.0000  	       40.70000        119.0000  1.000000       0.2260870
       30.30000        192.0000  	       39.40000        115.0000  1.000000       0.2260870
       32.00000        194.0000  	       38.30000        112.0000  1.000000       0.2260870
       33.80000        196.0000  	       37.30000        108.0000  1.000000       0.2260870
#n3893
#--------------  #--------------  	#--------------  #--------------  
       4.510000        194.0000  	       25.50000        178.0000  1.300000       0.5300000
       6.010000        190.0000  	       39.50000        173.0000  1.300000       0.5300000
       7.590000        186.0000  	       44.80000        162.0000  1.300000       0.5300000
       9.390000        188.0000  	       42.20000        147.0000  1.300000       0.5300000
       11.30000        187.0000  	       40.20000        132.0000  1.300000       0.5300000
#n4157
#--------------  #--------------  	#--------------  #--------------  
       4.510000        192.0000  	       19.90000        173.0000  1.291667       0.6750000
       6.010000        201.0000  	       22.60000        178.0000  1.291667       0.6750000
       7.510000        201.0000  	       28.30000        172.0000  1.291667       0.6750000
       9.020000        194.0000  	       38.90000        160.0000  1.291667       0.6750000
       10.50000        190.0000  	       47.90000        149.0000  1.291667       0.6750000
       12.00000        186.0000  	       46.50000        141.0000  1.291667       0.6750000
       13.50000        184.0000  	       44.90000        133.0000  1.291667       0.6750000
       15.00000        182.0000  	       48.30000        127.0000  1.291667       0.6750000
       16.50000        181.0000  	       46.90000        120.0000  1.291667       0.6750000
       18.00000        183.0000  	       44.60000        115.0000  1.291667       0.6750000
       19.50000        185.0000  	       48.50000        110.0000  1.291667       0.6750000
       21.00000        186.0000  	       46.70000        104.0000  1.291667       0.6750000
#n2903
#--------------  #--------------  	#--------------  #--------------  
       1.861683        189.0000  	       5.093560        156.5724  1.000000       0.2888889
       2.171963        195.0000  	       8.101440        177.1472  1.000000       0.2888889
       5.585048        210.0000  	       25.38080        205.3717  1.000000       0.2888889
       6.515890        205.0000  	       24.51080        192.5596  1.000000       0.2888889
       7.446731        203.0000  	       24.80080        181.8011  1.000000       0.2888889
       8.377573        201.0000  	       25.00960        173.9630  1.000000       0.2888889
       9.308414        201.0000  	       27.21360        168.8947  1.000000       0.2888889
       10.23925        199.0000  	       32.20160        163.8264  1.000000       0.2888889
       11.17010        197.0000  	       36.65600        157.7971  1.000000       0.2888889
       12.10094        196.0000  	       37.28240        151.1084  1.000000       0.2888889
       13.03178        193.0000  	       35.77440        144.8719  1.000000       0.2888889
       13.96262        190.0000  	       34.78840        139.1441  1.000000       0.2888889
       14.89346        188.0000  	       34.47520        134.2264  1.000000       0.2888889
       15.82430        187.0000  	       33.90680        129.5538  1.000000       0.2888889
       16.75515        188.0000  	       32.67720        125.4463  1.000000       0.2888889
       17.68599        186.0000  	       31.98120        121.4896  1.000000       0.2888889
       18.61683        185.0000  	       31.44760        117.5518  1.000000       0.2888889
       19.54767        185.0000  	       30.75160        114.0473  1.000000       0.2888889
       20.47851        181.0000  	       30.38040        111.0326  1.000000       0.2888889
       21.40935        178.0000  	       30.21800        108.5456  1.000000       0.2888889
       22.34019        177.0000  	       29.87000        106.0773  1.000000       0.2888889
       23.27103        182.0000  	       30.25280        103.7787  1.000000       0.2888889
       24.20188        180.0000  	       30.39200        101.9699  1.000000       0.2888889
#n4217
#--------------  #--------------  	#--------------  #--------------  
       3.010000        164.0000  	       12.60000        161.0000  1.090909        1.150000
       3.760000        174.0000  	       14.30000        168.0000  1.090909        1.150000
       4.510000        175.0000  	       18.70000        168.0000  1.090909        1.150000
       5.260000        184.0000  	       22.00000        169.0000  1.090909        1.150000
       6.010000        185.0000  	       19.90000        166.0000  1.090909        1.150000
       6.760000        188.0000  	       22.70000        164.0000  1.090909        1.150000
       7.510000        190.0000  	       25.90000        159.0000  1.090909        1.150000
       8.270000        191.0000  	       28.50000        157.0000  1.090909        1.150000
       9.020000        191.0000  	       30.50000        150.0000  1.090909        1.150000
       9.770000        189.0000  	       31.50000        146.0000  1.090909        1.150000
       10.50000        186.0000  	       30.50000        142.0000  1.090909        1.150000
       11.30000        183.0000  	       30.10000        137.0000  1.090909        1.150000
       12.00000        179.0000  	       29.10000        132.0000  1.090909        1.150000
       12.80000        177.0000  	       28.30000        128.0000  1.090909        1.150000
       13.60000        177.0000  	       29.10000        124.0000  1.090909        1.150000
#n4013
#--------------  #--------------  	#--------------  #--------------  
       5.310000        195.0000  	       9.410000        189.0000  1.290323        1.038710
       5.960000        194.0000  	       17.70000        185.0000  1.290323        1.038710
       6.620000        195.0000  	       22.30000        178.0000  1.290323        1.038710
       7.200000        195.0000  	       24.70000        172.0000  1.290323        1.038710
       7.850000        195.0000  	       26.60000        165.0000  1.290323        1.038710
       8.510000        192.0000  	       27.60000        160.0000  1.290323        1.038710
       9.090000        188.0000  	       27.50000        155.0000  1.290323        1.038710
       9.740000        186.0000  	       27.30000        150.0000  1.290323        1.038710
       10.40000        186.0000  	       27.70000        145.0000  1.290323        1.038710
       11.00000        186.0000  	       28.30000        141.0000  1.290323        1.038710
       11.60000        185.0000  	       29.30000        136.0000  1.290323        1.038710
       12.90000        163.0000  	       30.60000        128.0000  1.290323        1.038710
       13.50000        162.0000  	       30.10000        125.0000  1.290323        1.038710
       14.10000        164.0000  	       29.50000        122.0000  1.290323        1.038710
       14.80000        166.0000  	       28.60000        119.0000  1.290323        1.038710
       15.40000        166.0000  	       27.50000        116.0000  1.290323        1.038710
       16.00000        166.0000  	       26.50000        114.0000  1.290323        1.038710
       16.70000        166.0000  	       25.90000        111.0000  1.290323        1.038710
       17.30000        168.0000  	       25.30000        109.0000  1.290323        1.038710
       17.90000        172.0000  	       24.50000        107.0000  1.290323        1.038710
       18.50000        173.0000  	       24.10000        105.0000  1.290323        1.038710
       19.20000        171.0000  	       24.20000        103.0000  1.290323        1.038710
       19.80000        170.0000  	       24.50000        101.0000  1.290323        1.038710
       20.40000        172.0000  	       25.20000        99.80000  1.290323        1.038710
       21.00000        173.0000  	       26.80000        98.10000  1.290323        1.038710
       21.70000        176.0000  	       28.00000        97.20000  1.290323        1.038710
       22.30000        178.0000  	       27.80000        95.80000  1.290323        1.038710
       22.90000        180.0000  	       27.50000        94.60000  1.290323        1.038710
       23.60000        180.0000  	       27.00000        93.80000  1.290323        1.038710
       24.20000        180.0000  	       26.40000        92.00000  1.290323        1.038710
       24.80000        180.0000  	       26.00000        91.00000  1.290323        1.038710
       25.50000        178.0000  	       25.60000        90.70000  1.290323        1.038710
       26.10000        174.0000  	       25.60000        89.50000  1.290323        1.038710
#n3521
#--------------  #--------------  	#--------------  #--------------  
       10.20000        210.0000  	       0.000000        182.4863  1.407407       0.6518518
       12.80000        210.0000  	       0.000000        162.1488  1.407407       0.6518518
       15.40000        206.0000  	       0.000000        145.9109  1.407407       0.6518518
       17.90000        206.0000  	       0.000000        132.7337  1.407407       0.6518518
       20.50000        206.0000  	       0.000000        121.6183  1.407407       0.6518518
#n4088
#--------------  #--------------  	#--------------  #--------------  
       4.510000        162.0000  	       15.70000        132.0000  1.545455       0.8090909
       6.010000        179.0000  	       29.30000        145.0000  1.545455       0.8090909
       7.510000        182.0000  	       39.20000        147.0000  1.545455       0.8090909
       9.020000        179.0000  	       45.20000        143.0000  1.545455       0.8090909
       10.50000        174.0000  	       49.80000        134.0000  1.545455       0.8090909
       12.00000        171.0000  	       50.80000        123.0000  1.545455       0.8090909
       13.50000        168.0000  	       50.70000        113.0000  1.545455       0.8090909
       15.00000        165.0000  	       49.90000        105.0000  1.545455       0.8090909
       18.50000        174.0000  	       46.60000        91.70000  1.545455       0.8090909
#u6973
#--------------  #--------------  	#--------------  #--------------  
       3.010000        170.0000  	       18.80000        166.0000  1.000000       1.4592592
       3.760000        170.0000  	       21.80000        148.0000  1.000000       1.4592592
       4.580000        171.0000  	       26.60000        133.0000  1.000000       1.4592592
       5.410000        174.0000  	       30.80000        121.0000  1.000000       1.4592592
       6.310000        178.0000  	       29.80000        111.0000  1.000000       1.4592592
       6.760000        180.0000  	       28.50000        107.0000  1.000000       1.4592592
#n3877
#--------------  #--------------  	#--------------  #--------------  
       3.760000        153.0000  	       13.40000        128.0000  1.411765        1.035294
       4.510000        160.0000  	       17.10000        135.0000  1.411765        1.035294
       5.260000        162.0000  	       20.50000        142.0000  1.411765        1.035294
       6.010000        167.0000  	       23.30000        145.0000  1.411765        1.035294
       6.760000        169.0000  	       24.80000        146.0000  1.411765        1.035294
       7.510000        171.0000  	       26.20000        145.0000  1.411765        1.035294
       8.270000        171.0000  	       27.50000        143.0000  1.411765        1.035294
       9.020000        170.0000  	       28.10000        139.0000  1.411765        1.035294
       9.770000        169.0000  	       28.10000        136.0000  1.411765        1.035294
#n4100
#--------------  #--------------  	#--------------  #--------------  
       3.760000        168.0000  	       12.20000        151.0000  1.208333       0.6000000
       4.510000        182.0000  	       15.20000        168.0000  1.208333       0.6000000
       5.260000        190.0000  	       17.80000        180.0000  1.208333       0.6000000
       6.010000        194.0000  	       20.10000        184.0000  1.208333       0.6000000
       6.760000        195.0000  	       21.70000        180.0000  1.208333       0.6000000
       7.510000        193.0000  	       22.70000        173.0000  1.208333       0.6000000
       8.270000        192.0000  	       23.20000        163.0000  1.208333       0.6000000
       9.020000        192.0000  	       23.80000        155.0000  1.208333       0.6000000
       9.770000        191.0000  	       24.80000        148.0000  1.208333       0.6000000
       10.50000        189.0000  	       26.30000        145.0000  1.208333       0.6000000
       11.30000        185.0000  	       28.40000        141.0000  1.208333       0.6000000
       12.00000        182.0000  	       30.20000        137.0000  1.208333       0.6000000
       12.80000        179.0000  	       31.90000        132.0000  1.208333       0.6000000
       13.50000        176.0000  	       33.80000        128.0000  1.208333       0.6000000
       14.30000        174.0000  	       35.60000        123.0000  1.208333       0.6000000
       15.00000        178.0000  	       36.10000        119.0000  1.208333       0.6000000
       15.80000        177.0000  	       35.20000        115.0000  1.208333       0.6000000
       16.50000        169.0000  	       34.30000        112.0000  1.208333       0.6000000
       17.30000        158.0000  	       33.50000        109.0000  1.208333       0.6000000
       18.10000        158.0000  	       32.40000        106.0000  1.208333       0.6000000
#n3949
#--------------  #--------------  	#--------------  #--------------  
       2.250000        145.0000  	       13.20000        136.0000  1.250000       0.6875000
       3.010000        152.0000  	       22.70000        141.0000  1.250000       0.6875000
       3.760000        157.0000  	       30.10000        132.0000  1.250000       0.6875000
#n3726
#--------------  #--------------  	#--------------  #--------------  
       4.510000        125.0000  	       0.000000        109.0000  1.800000       0.7000000
       6.010000        145.0000  	       8.130000        115.0000  1.800000       0.7000000
       7.510000        164.0000  	       22.10000        118.0000  1.800000       0.7000000
       9.020000        162.0000  	       28.90000        117.0000  1.800000       0.7000000
       10.50000        160.0000  	       34.60000        116.0000  1.800000       0.7000000
       12.00000        156.0000  	       43.10000        112.0000  1.800000       0.7000000
       13.80000        146.0000  	       49.30000        106.0000  1.800000       0.7000000
       19.20000        158.0000  	       44.70000        81.40000  1.800000       0.7000000
#n6946
#--------------  #--------------  	#--------------  #--------------  
       5.880000        134.0000  	       8.570000        91.90000  2.200000        1.140000
       7.340000        147.0000  	       17.10000        98.20000  2.200000        1.140000
       8.810000        160.0000  	       19.70000        107.0000  2.200000        1.140000
       13.20000        170.0000  	       45.80000        114.0000  2.200000        1.140000
       14.70000        169.0000  	       48.90000        113.0000  2.200000        1.140000
       16.20000        166.0000  	       53.50000        99.80000  2.200000        1.140000
       17.60000        163.0000  	       51.10000        91.10000  2.200000        1.140000
       19.10000        163.0000  	       50.40000        85.30000  2.200000        1.140000
       20.60000        166.0000  	       48.20000        80.80000  2.200000        1.140000
       22.00000        165.0000  	       50.10000        77.20000  2.200000        1.140000
       23.50000        165.0000  	       53.80000        74.00000  2.200000        1.140000
       25.00000        166.0000  	       59.50000        71.30000  2.200000        1.140000
       26.40000        164.0000  	       63.50000        68.90000  2.200000        1.140000
       27.90000        161.0000  	       59.40000        66.80000  2.200000        1.140000
       29.40000        159.0000  	       60.10000        64.80000  2.200000        1.140000
#n4051
#--------------  #--------------  	#--------------  #--------------  
       4.510000        140.0000  	       8.430000        121.0000  1.583333        1.150000
       6.010000        160.0000  	       17.10000        128.0000  1.583333        1.150000
       7.510000        162.0000  	       27.00000        127.0000  1.583333        1.150000
       8.640000        170.0000  	       31.20000        123.0000  1.583333        1.150000
       9.020000        154.0000  	       32.40000        120.0000  1.583333        1.150000
#n2683
#--------------  #--------------  	#--------------  #--------------  
       4.500000        206.0000  	       0.000000        195.6114  1.206897       0.2689655
       6.000000        200.0000  	       0.000000        170.8450  1.206897       0.2689655
#u5999
#--------------  #--------------  	#--------------  #--------------  
       5.461000        111.9000  	       20.11000        80.78000  3.0             1.0
       7.646000        132.9000  	       26.18000        74.71000  3.0             1.0
       9.830000        141.3000  	       30.90000        82.64000  3.0             1.0
       12.01000        148.9000  	       33.75000        83.70000  3.0             1.0
       14.20000        153.3000  	       36.75000        83.19000  3.0             1.0
#n4138
#--------------  #--------------  	#--------------  #--------------  
       4.510000        195.0000  	       18.30000        175.0000  1.4000          0.848571
#n3917
#--------------  #--------------  	#--------------  #--------------  
       3.010000        101.0000  	       6.850000        70.50000  1.846154       0.9846154
       3.760000        107.0000  	       12.40000        78.40000  1.846154       0.9846154
       4.510000        115.0000  	       13.00000        86.00000  1.846154       0.9846154
       5.260000        123.0000  	       11.30000        90.90000  1.846154       0.9846154
       6.010000        130.0000  	       17.00000        94.50000  1.846154       0.9846154
       6.760000        134.0000  	       19.80000        95.90000  1.846154       0.9846154
       7.510000        136.0000  	       20.20000        95.60000  1.846154       0.9846154
       8.270000        137.0000  	       25.40000        94.50000  1.846154       0.9846154
       9.020000        136.0000  	       27.40000        93.20000  1.846154       0.9846154
       9.770000        137.0000  	       29.80000        91.10000  1.846154       0.9846154
       10.50000        137.0000  	       30.50000        88.30000  1.846154       0.9846154
       11.30000        137.0000  	       28.60000        85.50000  1.846154       0.9846154
       12.00000        138.0000  	       29.70000        81.50000  1.846154       0.9846154
#n4085
#--------------  #--------------  	#--------------  #--------------  
       3.080000        127.0000  	       17.20000        110.0000  1.166667       0.6333333
       3.830000        130.0000  	       21.50000        109.0000  1.166667       0.6333333
       4.580000        133.0000  	       23.90000        106.0000  1.166667       0.6333333
#n2403
#--------------  #--------------  	#--------------  #--------------  
       1.418079        82.00000  	       5.643400        71.29515  1.071429       0.3928571
       1.772598        91.00000  	       6.424080        81.92604  1.071429       0.3928571
       2.127118        99.00000  	       7.086440        88.06063  1.071429       0.3928571
       2.481638        101.0000  	       8.019080        88.88575  1.071429       0.3928571
       2.836157        103.0000  	       9.854200        89.42387  1.071429       0.3928571
       3.190677        106.0000  	       13.39800        90.23704  1.071429       0.3928571
       3.899716        115.0000  	       20.50880        94.24305  1.071429       0.3928571
       4.608756        123.0000  	       26.14640        93.52556  1.071429       0.3928571
       5.317795        127.0000  	       29.04640        90.34466  1.071429       0.3928571
       6.026834        127.0000  	       30.90240        88.06063  1.071429       0.3928571
       6.735874        127.0000  	       32.28280        86.62564  1.071429       0.3928571
       7.444913        127.0000  	       34.81160        84.53294  1.071429       0.3928571
       8.153953        128.0000  	       37.02720        81.51946  1.071429       0.3928571
       8.862991        128.0000  	       39.57920        78.45815  1.071429       0.3928571
       9.572031        128.0000  	       41.70200        76.46112  1.071429       0.3928571
       10.28107        129.0000  	       43.33760        74.75109  1.071429       0.3928571
       10.99011        131.0000  	       45.27480        72.87364  1.071429       0.3928571
       11.69915        133.0000  	       46.29560        70.63744  1.071429       0.3928571
       12.40819        136.0000  	       46.96840        68.30559  1.071429       0.3928571
       13.11723        136.0000  	       47.67600        66.09331  1.071429       0.3928571
       13.82627        134.0000  	       47.39760        64.12019  1.071429       0.3928571
       14.53531        134.0000  	       46.74800        62.25470  1.071429       0.3928571
       15.24435        134.0000  	       46.35360        60.50880  1.071429       0.3928571
       15.94551        135.0000  	       45.84320        58.91835  1.071429       0.3928571
       16.67030        133.0000  	       45.04280        57.38769  1.071429       0.3928571
       17.36359        132.0000  	       44.05680        56.00053  1.071429       0.3928571
       18.08838        136.0000  	       42.96640        54.75687  1.071429       0.3928571
       18.78166        133.0000  	       41.91080        53.50126  1.071429       0.3928571
       19.50646        134.0000  	       40.65800        52.35326  1.071429       0.3928571
#n3972
#--------------  #--------------  	#--------------  #--------------  
       3.760000        110.0000  	       15.50000        89.40000  1.400000       0.6933333
       4.510000        116.0000  	       19.40000        94.40000  1.400000       0.6933333
       5.260000        123.0000  	       22.90000        95.60000  1.400000       0.6933333
       6.010000        130.0000  	       26.30000        93.00000  1.400000       0.6933333
       6.760000        134.0000  	       28.40000        89.20000  1.400000       0.6933333
       7.510000        134.0000  	       27.90000        85.60000  1.400000       0.6933333
#u128
#--------------  #--------------  	#--------------  #--------------  
#n4010
#--------------  #--------------  	#--------------  #--------------  
       5.260000        115.0000  	       24.00000        79.00000  1.500000       0.7000000
       6.010000        127.0000  	       27.50000        80.30000  1.500000       0.7000000
       6.760000        129.0000  	       30.80000        79.10000  1.500000       0.7000000
       7.510000        127.0000  	       33.90000        77.30000  1.500000       0.7000000
       8.270000        124.0000  	       33.00000        74.20000  1.500000       0.7000000
       9.020000        122.0000  	       31.30000        71.20000  1.500000       0.7000000
#568v1
#--------------  #--------------  	#--------------  #--------------  
       11.65000        112.9000  	       34.98000        49.62000  1.800000       0.3766667
       13.59000        116.6000  	       38.95000        46.19000  1.800000       0.3766667
       15.53000        119.6000  	       38.96000        43.05000  1.800000       0.3766667
       17.48000        121.9000  	       36.79000        40.25000  1.800000       0.3766667
       19.42000        124.1000  	       33.64000        37.84000  1.800000       0.3766667
#n3769
#--------------  #--------------  	#--------------  #--------------  
       4.510000        116.0000  	       26.90000        90.10000  1.166667        1.225000
       6.010000        125.0000  	       32.30000        80.40000  1.166667        1.225000
       7.510000        126.0000  	       34.30000        73.30000  1.166667        1.225000
       9.020000        123.0000  	       34.10000        67.30000  1.166667        1.225000
       10.60000        118.0000  	       32.20000        60.70000  1.166667        1.225000
#n6503
#--------------  #--------------  	#--------------  #--------------  
       9.345000        100.3000  	       29.29000        46.96000  1.000000       0.6647059
       11.21000        107.1000  	       33.38000        46.03000  1.000000       0.6647059
       13.08000        113.0000  	       36.10000        41.34000  1.000000       0.6647059
#5683
#--------------  #--------------  	#--------------  #--------------  
#n4183
#--------------  #--------------  	#--------------  #--------------  
       6.010000        107.0000  	       25.50000        60.60000  2.571429       0.7857143
       6.760000        111.0000  	       29.20000        61.10000  2.571429       0.7857143
       10.60000        111.0000  	       37.30000        52.80000  2.571429       0.7857143
       11.30000        109.0000  	       35.80000        50.90000  2.571429       0.7857143
       12.10000        108.0000  	       35.40000        49.30000  2.571429       0.7857143
       12.90000        109.0000  	       36.20000        47.70000  2.571429       0.7857143
       13.80000        111.0000  	       35.50000        46.20000  2.571429       0.7857143
       14.60000        110.0000  	       33.90000        44.90000  2.571429       0.7857143
       15.40000        109.0000  	       34.70000        43.40000  2.571429       0.7857143
       16.30000        110.0000  	       34.20000        42.00000  2.571429       0.7857143
#563v2
#--------------  #--------------  	#--------------  #--------------  
       5.922000        103.1000  	       23.06000        56.60000  2.000000       0.4944444
       7.403000        107.3000  	       32.48000        60.87000  2.000000       0.4944444
       8.883000        111.4000  	       39.68000        55.27000  2.000000       0.4944444
#5631
#--------------  #--------------  	#--------------  #--------------  
       7.646000        101.9000  	       21.57000        52.96000  3.000000       0.5000000
       8.738000        106.9000  	       25.14000        52.42000  3.000000       0.5000000
       9.830000        110.0000  	       28.25000        51.43000  3.000000       0.5000000
       10.92000        110.7000  	       30.32000        52.34000  3.000000       0.5000000
       12.01000        111.4000  	       30.91000        50.51000  3.000000       0.5000000
       13.11000        111.4000  	       30.10000        50.25000  3.000000       0.5000000
       14.20000        111.9000  	       29.44000        47.41000  3.000000       0.5000000
#n4389
#--------------  #--------------  	#--------------  #--------------  
#n1003
#--------------  #--------------  	#--------------  #--------------  
       3.860000        77.60000  	       15.00000        48.80000  2.500000        5.200000
       4.720000        83.40000  	       17.30000        50.60000  2.500000        5.200000
       5.580000        89.70000  	       19.60000        51.10000  2.500000        5.200000
       6.440000        93.80000  	       22.00000        49.20000  2.500000        5.200000
       7.290000        99.00000  	       24.00000        46.40000  2.500000        5.200000
       8.150000        103.0000  	       27.50000        44.00000  2.500000        5.200000
       9.010000        100.0000  	       29.00000        41.70000  2.500000        5.200000
       9.870000        98.30000  	       29.70000        39.90000  2.500000        5.200000
       10.70000        98.40000  	       29.80000        38.30000  2.500000        5.200000
       11.60000        94.50000  	       30.80000        36.90000  2.500000        5.200000
       12.40000        94.90000  	       31.90000        35.20000  2.500000        5.200000
       13.30000        95.30000  	       32.80000        33.30000  2.500000        5.200000
       14.20000        96.90000  	       33.40000        31.80000  2.500000        5.200000
       15.00000        97.20000  	       33.60000        30.70000  2.500000        5.200000
       15.90000        100.0000  	       33.70000        29.60000  2.500000        5.200000
       16.70000        104.0000  	       33.40000        28.70000  2.500000        5.200000
       17.60000        104.0000  	       34.10000        27.90000  2.500000        5.200000
       18.40000        105.0000  	       32.90000        27.20000  2.500000        5.200000
       19.30000        109.0000  	       32.20000        26.50000  2.500000        5.200000
       20.20000        110.0000  	       30.40000        25.90000  2.500000        5.200000
       21.00000        107.0000  	       29.90000        25.30000  2.500000        5.200000
       21.90000        106.0000  	       29.50000        24.70000  2.500000        5.200000
       22.70000        106.0000  	       28.40000        24.20000  2.500000        5.200000
       23.60000        108.0000  	       27.50000        23.70000  2.500000        5.200000
       24.50000        109.0000  	       26.10000        23.30000  2.500000        5.200000
       25.30000        110.0000  	       26.70000        22.90000  2.500000        5.200000
       26.20000        110.0000  	       26.30000        22.50000  2.500000        5.200000
       27.00000        110.0000  	       25.70000        22.10000  2.500000        5.200000
       27.90000        113.0000  	       27.30000        21.70000  2.500000        5.200000
       28.70000        114.0000  	       31.30000        21.40000  2.500000        5.200000
       29.60000        112.0000  	       32.30000        21.10000  2.500000        5.200000
       30.50000        113.0000  	       35.20000        20.80000  2.500000        5.200000
       31.30000        115.0000  	       38.10000        20.50000  2.500000        5.200000
#u6917
#--------------  #--------------  	#--------------  #--------------  
       3.760000        93.50000  	       13.60000        61.20000  2.500000       0.6785714
       4.510000        97.50000  	       16.60000        60.70000  2.500000       0.6785714
       5.260000        100.0000  	       19.40000        62.50000  2.500000       0.6785714
       6.010000        101.0000  	       23.00000        62.10000  2.500000       0.6785714
       6.760000        103.0000  	       25.60000        61.20000  2.500000       0.6785714
       7.510000        105.0000  	       27.00000        61.10000  2.500000       0.6785714
       8.270000        110.0000  	       30.40000        59.80000  2.500000       0.6785714
#u6930
#--------------  #--------------  	#--------------  #--------------  
       9.020000        107.0000  	       32.00000        51.40000  2.625000        1.537500
       10.50000        109.0000  	       37.40000        46.60000  2.625000        1.537500
#m33
#--------------  #--------------  	#--------------  #--------------  
      0.3680000        31.70000  	       3.070000        31.40000  2.000000        1.733333
      0.4900000        38.70000  	       2.070000        34.10000  2.000000        1.733333
      0.6130000        44.70000  	      0.7170000        35.40000  2.000000        1.733333
      0.7360000        49.70000  	       2.440000        37.10000  2.000000        1.733333
      0.8580000        51.90000  	       3.890000        38.10000  2.000000        1.733333
      0.9810000        54.10000  	       3.330000        39.50000  2.000000        1.733333
       1.100000        56.40000  	       0.000000        41.40000  2.000000        1.733333
       1.230000        57.90000  	       0.000000        43.20000  2.000000        1.733333
       1.350000        59.10000  	       0.000000        45.20000  2.000000        1.733333
       1.470000        62.60000  	       0.000000        47.10000  2.000000        1.733333
       1.590000        67.30000  	       0.000000        48.80000  2.000000        1.733333
       1.720000        70.80000  	       0.000000        51.00000  2.000000        1.733333
       1.840000        73.70000  	       3.020000        53.10000  2.000000        1.733333
       1.960000        75.90000  	       5.960000        55.00000  2.000000        1.733333
       2.080000        78.20000  	       7.690000        56.60000  2.000000        1.733333
       2.210000        79.40000  	       8.100000        57.40000  2.000000        1.733333
       2.330000        79.80000  	       8.760000        58.00000  2.000000        1.733333
       2.450000        81.50000  	       10.20000        58.30000  2.000000        1.733333
       2.570000        83.10000  	       11.80000        58.60000  2.000000        1.733333
       2.700000        86.20000  	       12.50000        59.10000  2.000000        1.733333
       2.820000        88.20000  	       11.70000        59.50000  2.000000        1.733333
       2.940000        88.10000  	       10.60000        59.70000  2.000000        1.733333
       3.070000        88.70000  	       11.30000        60.00000  2.000000        1.733333
       3.190000        90.30000  	       11.60000        60.30000  2.000000        1.733333
       3.310000        92.50000  	       9.580000        60.80000  2.000000        1.733333
       3.430000        91.80000  	       6.410000        61.40000  2.000000        1.733333
       3.560000        92.00000  	       5.370000        62.00000  2.000000        1.733333
       3.680000        91.60000  	       6.350000        62.90000  2.000000        1.733333
       3.800000        91.40000  	       10.20000        63.50000  2.000000        1.733333
       3.920000        91.90000  	       13.00000        63.90000  2.000000        1.733333
       4.050000        93.00000  	       13.40000        63.90000  2.000000        1.733333
       4.170000        94.60000  	       13.90000        64.00000  2.000000        1.733333
       4.290000        95.40000  	       15.20000        64.10000  2.000000        1.733333
       4.410000        95.80000  	       16.50000        64.20000  2.000000        1.733333
       4.540000        95.30000  	       16.90000        64.10000  2.000000        1.733333
       4.660000        95.10000  	       17.70000        63.90000  2.000000        1.733333
       4.780000        96.70000  	       18.40000        63.90000  2.000000        1.733333
       4.900000        98.10000  	       19.50000        63.80000  2.000000        1.733333
       5.030000        98.90000  	       21.70000        63.70000  2.000000        1.733333
       5.150000        99.50000  	       23.20000        63.50000  2.000000        1.733333
       5.270000        99.30000  	       23.30000        63.40000  2.000000        1.733333
       5.390000        99.40000  	       23.10000        63.30000  2.000000        1.733333
       5.520000        101.0000  	       22.80000        63.20000  2.000000        1.733333
       5.640000        102.0000  	       22.50000        63.00000  2.000000        1.733333
       5.760000        103.0000  	       22.10000        62.70000  2.000000        1.733333
       5.890000        104.0000  	       21.60000        62.50000  2.000000        1.733333
       6.010000        104.0000  	       21.90000        62.30000  2.000000        1.733333
       6.130000        103.0000  	       23.10000        62.10000  2.000000        1.733333
       6.250000        103.0000  	       24.50000        61.90000  2.000000        1.733333
       6.380000        102.0000  	       25.70000        61.60000  2.000000        1.733333
       6.500000        102.0000  	       26.80000        61.30000  2.000000        1.733333
       6.620000        103.0000  	       28.10000        61.00000  2.000000        1.733333
       6.740000        104.0000  	       29.60000        60.80000  2.000000        1.733333
       6.870000        104.0000  	       31.60000        60.50000  2.000000        1.733333
       6.990000        104.0000  	       33.20000        60.20000  2.000000        1.733333
       7.110000        104.0000  	       34.10000        59.90000  2.000000        1.733333
       7.230000        104.0000  	       34.30000        59.60000  2.000000        1.733333
       7.360000        105.0000  	       34.90000        59.30000  2.000000        1.733333
       7.480000        106.0000  	       35.40000        59.10000  2.000000        1.733333
       7.600000        106.0000  	       35.90000        58.80000  2.000000        1.733333
       7.720000        106.0000  	       36.20000        58.60000  2.000000        1.733333
       7.850000        107.0000  	       36.70000        58.30000  2.000000        1.733333
       7.970000        108.0000  	       37.10000        58.00000  2.000000        1.733333
       8.090000        107.0000  	       37.30000        57.80000  2.000000        1.733333
       8.210000        107.0000  	       37.10000        57.60000  2.000000        1.733333
       8.340000        107.0000  	       37.20000        57.30000  2.000000        1.733333
       8.460000        111.0000  	       36.90000        57.20000  2.000000        1.733333
       8.580000        117.0000  	       36.50000        57.00000  2.000000        1.733333
       8.710000        116.0000  	       36.10000        56.90000  2.000000        1.733333
       8.830000        118.0000  	       35.60000        56.90000  2.000000        1.733333
       8.950000        115.0000  	       37.10000        57.20000  2.000000        1.733333
#u6983
#--------------  #--------------  	#--------------  #--------------  
       4.510000        98.20000  	       15.40000        61.10000  2.529412       0.4000000
       5.260000        99.70000  	       17.50000        62.00000  2.529412       0.4000000
       6.010000        102.0000  	       22.10000        62.10000  2.529412       0.4000000
       6.760000        107.0000  	       27.60000        64.50000  2.529412       0.4000000
       7.510000        108.0000  	       28.00000        64.80000  2.529412       0.4000000
       8.270000        110.0000  	       29.60000        62.40000  2.529412       0.4000000
       9.020000        113.0000  	       33.30000        61.10000  2.529412       0.4000000
       9.770000        110.0000  	       35.50000        58.70000  2.529412       0.4000000
#n247
#--------------  #--------------  	#--------------  #--------------  
      0.8140000        34.60000  	       2.500000        29.10000  2.727273       0.9090909
       1.220000        47.00000  	       3.670000        33.10000  2.727273       0.9090909
       2.040000        64.40000  	       6.110000        39.00000  2.727273       0.9090909
       2.440000        67.40000  	       7.600000        40.40000  2.727273       0.9090909
       2.850000        69.80000  	       9.340000        41.80000  2.727273       0.9090909
       3.260000        71.30000  	       11.20000        43.20000  2.727273       0.9090909
       3.670000        73.20000  	       12.20000        44.90000  2.727273       0.9090909
       4.070000        75.10000  	       12.40000        47.50000  2.727273       0.9090909
       4.480000        78.50000  	       13.40000        47.50000  2.727273       0.9090909
       6.520000        93.10000  	       23.80000        46.90000  2.727273       0.9090909
       6.920000        95.90000  	       25.50000        46.60000  2.727273       0.9090909
#u1230
#--------------  #--------------  	#--------------  #--------------  
       11.14000        110.0600  	       31.03000        41.44000  2.0            1.0
       13.62000        116.5100  	       35.89000        42.48000  2.0            1.0
       16.09000        121.9400  	       39.73000        40.83000  2.0            1.0
       18.57000        127.0600  	       42.87000        38.68000  2.0            1.0
       21.04000        130.6500  	       45.18000        36.44000  2.0            1.0
       23.52000        132.2100  	       46.54000        34.35000  2.0            1.0
       26.00000        132.7300  	       46.36000        32.48000  2.0            1.0
       28.47000        132.7300  	       45.27000        31.00000  2.0            1.0
       30.95000        132.6000  	       43.23000        29.05000  2.0            1.0
       32.18000        132.6000  	       41.96000        28.23000  2.0            1.0
#5741
#--------------  #--------------  	#--------------  #--------------  
#n7793
#--------------  #--------------  	#--------------  #--------------  
      0.9020000        59.70000  	       3.670000        54.00000  1.583333        1.183333
       2.250000        99.70000  	       16.70000        76.50000  1.583333        1.183333
       6.310000        94.50000  	       30.30000        58.40000  1.583333        1.183333
#u5005
#--------------  #--------------  	#--------------  #--------------  
       5.049000        112.6400  	       14.59000        73.75000  2.0             1.0
       7.573000        131.1500  	       18.91000        84.65000  2.0             1.0
       10.10000        137.2500  	       24.61000        75.75000  2.0             1.0
       12.62000        141.7800  	       29.65000        84.06000  2.0             1.0
       15.15000        144.0300  	       33.37000        81.35000  2.0             1.0
       17.67000        146.4800  	       35.73000        77.55000  2.0             1.0
       20.19000        148.6500  	       36.78000        73.34000  2.0             1.0
       22.72000        148.6500  	       37.42000        69.33000  2.0             1.0
       25.24000        148.5100  	       36.68000        65.53000  2.0             1.0
       27.77000        148.6500  	       39.36000        62.28000  2.0             1.0
#n300
#--------------  #--------------  	#--------------  #--------------  
       2.350000        58.80000  	       2.910000        42.90000  2.000000        1.685714
       2.810000        65.60000  	       7.520000        46.20000  2.000000        1.685714
       3.280000        70.80000  	       8.520000        45.00000  2.000000        1.685714
       5.160000        81.50000  	       13.20000        43.30000  2.000000        1.685714
       5.630000        80.80000  	       13.80000        43.50000  2.000000        1.685714
       8.440000        89.50000  	       28.30000        39.10000  2.000000        1.685714
       10.30000        96.20000  	       25.60000        32.50000  2.000000        1.685714
       10.80000        94.80000  	       24.50000        31.50000  2.000000        1.685714
#n5585
#--------------  #--------------  	#--------------  #--------------  
       1.470000        40.70000  	       5.370000        32.50000  1.600000        1.460000
       2.210000        53.20000  	       5.860000        33.60000  1.600000        1.460000
       2.950000        64.30000  	       9.800000        33.90000  1.600000        1.460000
       3.680000        73.10000  	       12.10000        34.00000  1.600000        1.460000
       5.160000        78.40000  	       20.50000        36.50000  1.600000        1.460000
       5.900000        83.10000  	       23.90000        35.30000  1.600000        1.460000
       6.630000        88.00000  	       27.00000        33.40000  1.600000        1.460000
       7.370000        89.90000  	       28.50000        29.50000  1.600000        1.460000
       8.110000        90.60000  	       30.20000        27.30000  1.600000        1.460000
       8.840000        91.60000  	       32.20000        25.70000  1.600000        1.460000
       9.580000        92.30000  	       33.30000        24.40000  1.600000        1.460000
       10.30000        90.90000  	       33.60000        23.30000  1.600000        1.460000
       11.10000        89.60000  	       34.00000        22.40000  1.600000        1.460000
       11.80000        89.40000  	       33.70000        21.60000  1.600000        1.460000
#u6399
#--------------  #--------------  	#--------------  #--------------  
       3.760000        77.50000  	       15.40000        45.10000  2.5             1.0
#n55
#--------------  #--------------  	#--------------  #--------------  
       1.861683        43.10000  	       19.02400        17.58444  5.000000        5.000000
       3.723366        68.50000  	       30.12520        27.00723  5.000000        5.000000
       4.188787        72.30000  	       31.66800        27.97321  5.000000        5.000000
       4.654207        74.20000  	       32.85120        28.22812  5.000000        5.000000
       5.119627        78.90000  	       33.68640        28.06265  5.000000        5.000000
       5.585048        82.40000  	       34.22000        27.60649  5.000000        5.000000
       7.446731        86.80000  	       34.77680        24.37314  5.000000        5.000000
       8.842993        86.20000  	       31.55200        22.23546  5.000000        5.000000
       9.773834        87.40000  	       30.19480        21.03246  5.000000        5.000000
#u6667
#--------------  #--------------  	#--------------  #--------------  
       3.010000        69.30000  	       14.90000        38.60000  2.500000        1.510000
       3.760000        77.30000  	       17.00000        40.80000  2.500000        1.510000
       4.510000        80.70000  	       20.80000        42.40000  2.500000        1.510000
       5.260000        84.00000  	       21.80000        41.50000  2.500000        1.510000
       6.010000        85.00000  	       23.80000        40.50000  2.500000        1.510000
       6.760000        85.70000  	       22.70000        40.50000  2.500000        1.510000
#u2259
#--------------  #--------------  	#--------------  #--------------  
       1.900468        71.10000  	       7.704720        45.51001  1.857143        1.000000
       2.850702        80.70000  	       13.97800        54.46280  1.857143        1.000000
       3.800936        82.80000  	       18.42080        53.23398  1.857143        1.000000
       4.751170        83.70000  	       21.15840        48.26021  1.857143        1.000000
       5.701404        86.00000  	       23.76840        43.53513  1.857143        1.000000
       6.651638        88.30000  	       25.77520        39.61462  1.857143        1.000000
       7.601871        90.00000  	       24.84720        36.48407  1.857143        1.000000
#5831
#--------------  #--------------  	#--------------  #--------------  
#u6446
#--------------  #--------------  	#--------------  #--------------  
       5.260000        73.70000  	       17.40000        30.00000  4.400000        1.080000
       7.510000        80.50000  	       29.70000        27.90000  4.400000        1.080000
       8.270000        81.30000  	       32.90000        28.20000  4.400000        1.080000
#u6923
#--------------  #--------------  	#--------------  #--------------  
       3.200000        78.40000  	       23.20000        41.70000  1.75            0.775
#u7089
#--------------  #--------------  	#--------------  #--------------  
#u5750
#--------------  #--------------  	#--------------  #--------------  
#u6818
#--------------  #--------------  	#--------------  #--------------  
#571v1
#--------------  #--------------  	#--------------  #--------------  
#n1560
#--------------  #--------------  	#--------------  #--------------  
       1.750000        42.80000  	       13.30000        18.40000  4.100000        1.130000
       1.960000        48.20000  	       16.60000        18.80000  4.100000        1.130000
       2.180000        48.40000  	       18.20000        19.30000  4.100000        1.130000
       2.400000        50.60000  	       19.20000        19.80000  4.100000        1.130000
       2.620000        53.50000  	       20.70000        19.50000  4.100000        1.130000
       2.840000        57.20000  	       21.50000        19.40000  4.100000        1.130000
       3.050000        59.10000  	       22.70000        19.60000  4.100000        1.130000
       3.270000        59.80000  	       23.30000        19.60000  4.100000        1.130000
       3.490000        60.30000  	       23.60000        19.50000  4.100000        1.130000
       3.710000        60.70000  	       24.40000        19.20000  4.100000        1.130000
       3.930000        62.10000  	       25.60000        19.10000  4.100000        1.130000
       4.150000        63.60000  	       25.30000        18.70000  4.100000        1.130000
       4.360000        62.00000  	       24.80000        18.60000  4.100000        1.130000
       4.580000        60.50000  	       23.50000        18.50000  4.100000        1.130000
       4.800000        60.30000  	       22.70000        18.80000  4.100000        1.130000
       5.020000        63.80000  	       24.60000        19.30000  4.100000        1.130000
       5.240000        66.10000  	       26.50000        18.10000  4.100000        1.130000
       5.450000        67.70000  	       28.00000        17.00000  4.100000        1.130000
       5.670000        70.40000  	       29.40000        16.30000  4.100000        1.130000
       5.890000        73.00000  	       30.00000        15.70000  4.100000        1.130000
       6.110000        74.20000  	       30.10000        15.20000  4.100000        1.130000
       6.330000        75.10000  	       29.70000        14.80000  4.100000        1.130000
       6.540000        75.20000  	       29.60000        14.40000  4.100000        1.130000
       6.760000        76.30000  	       29.20000        14.10000  4.100000        1.130000
       6.980000        77.20000  	       28.90000        13.80000  4.100000        1.130000
       7.420000        76.90000  	       28.50000        13.30000  4.100000        1.130000
       7.850000        77.50000  	       28.20000        12.80000  4.100000        1.130000
#5834
#--------------  #--------------  	#--------------  #--------------  
#ic2574
#--------------  #--------------  	#--------------  #--------------  
      0.6540000        10.30000  	       0.000000        5.100000  6.000000        6.200000
       1.750000        26.10000  	       5.100000        7.320000  6.000000        6.200000
       2.620000        34.80000  	       7.690000        7.810000  6.000000        6.200000
       2.840000        35.00000  	       7.570000        7.940000  6.000000        6.200000
       3.710000        38.70000  	       10.00000        9.720000  6.000000        6.200000
       3.930000        41.80000  	       11.10000        13.00000  6.000000        6.200000
       4.150000        42.90000  	       11.50000        11.80000  6.000000        6.200000
       4.360000        44.40000  	       12.20000        11.60000  6.000000        6.200000
       4.580000        46.10000  	       12.70000        11.60000  6.000000        6.200000
       4.800000        49.00000  	       14.00000        11.70000  6.000000        6.200000
       5.020000        51.90000  	       15.40000        11.60000  6.000000        6.200000
       5.240000        53.10000  	       16.10000        11.90000  6.000000        6.200000
       5.450000        54.00000  	       16.90000        12.30000  6.000000        6.200000
       5.670000        55.90000  	       17.40000        11.10000  6.000000        6.200000
       7.200000        66.00000  	       20.70000        8.530000  6.000000        6.200000
#ddo170
#--------------  #--------------  	#--------------  #--------------  
       2.620173        42.80000  	       13.30520        10.04799  10.0            2.0
       3.784694        53.20000  	       18.17720        10.11163  10.0            2.0
       4.949216        56.80000  	       21.72680        9.743932  10.0            2.0
       6.113737        60.30000  	       23.78000        8.966114  10.0            2.0
       7.278258        61.40000  	       24.36000        8.350931  10.0            2.0
       8.442780        63.10000  	       23.62920        7.714535  10.0            2.0
       9.607302        66.00000  	       21.98200        7.212489  10.0            2.0
#n3109
#--------------  #--------------  	#--------------  #--------------  
       1.551402        24.30000  	       9.019000        6.919064  10.00000        7.60000
       2.171963        34.30000  	       12.86440        7.804501  10.00000        7.60000
       5.274768        57.50000  	       18.51360        7.877234  10.00000        7.60000
       5.585048        59.10000  	       18.88480        7.807663  10.00000        7.60000
       5.895329        61.20000  	       19.37200        7.747580  10.00000        7.60000
       6.205609        62.70000  	       19.83600        7.681172  10.00000        7.60000
       6.515890        64.40000  	       20.54360        7.614765  10.00000        7.60000
       6.826170        66.60000  	       21.17000        7.545195  10.00000        7.60000
       7.446731        66.20000  	       21.30920        7.390243  10.00000        7.60000
       7.757011        67.30000  	       21.28600        7.304862  10.00000        7.60000
#ddo154
#--------------  #--------------  	#--------------  #--------------  
      0.9773830        21.60000  	       7.421400        3.861141  20.00000        4.100000
       1.466075        28.90000  	       10.82050        3.785246  20.00000        4.100000
       1.954767        34.30000  	       13.25250        3.370988  20.00000        4.100000
       2.443459        38.20000  	       14.69650        2.966849  20.00000        4.100000
       2.932150        42.00000  	       16.12150        2.664219  20.00000        4.100000
       3.420842        44.60000  	       17.50850        2.430843  20.00000        4.100000
       3.909534        46.30000  	       17.82200        2.252490  20.00000        4.100000
       4.398226        47.40000  	       17.39450        2.107342  20.00000        4.100000
       4.886917        48.20000  	       16.84350        1.990021  20.00000        4.100000
       5.375609        47.40000  	       16.19750        1.891358  20.00000        4.100000