# This file contains the Modeled Rotation Curves of
#	de Blok, McGaugh, & Rubin (2001).
#
# The start of data for each individual galaxy is delimited by a line
# containing that galaxy's name.
# 
# The maning of each column is
# R: radius in arcsec.
# Rkpc: radius in kpc for adopted distance.
# Vgas: rotation caused by the observed gas, assuming M_gas = 1.4 M_HI.
# Vdisk: rotation caused by the observed disk stars, assuming M/L = 1.0 in R.
# Vbul: rotation caused by the observed bulge stars, assuming M/L = 1.0 in R.
# V: the observed [smoothed] velocity.
# Err: Unvertainty in V 
#        (includes measurement, inclination, and asymmetry uncertainties.)
# If no measurements of the luminous components exist (sample II),
# Vgas=Vdisk=Vbul=0.
#
Name	R	Rkpc	Vgas	Vdisk	Vbul	V	Err
	"	kpc	km/s	km/s	km/s	km/s	km/s
F563-1 							
	6.6	1.4	3.3	17.2	0	45.1	24.7
	13.0	2.8	8.0	20.6	0	81.6	17.5
	29.2	6.4	17.5	26.4	0	90.0	24.8
	36.1	7.9	22.4	25.7	0	97.8	9.4
	41.7	9.1	26.3	25.5	0	103.1	23.8
	50.0	10.9	30.3	25.5	0	109.2	9.4
	61.2	13.4	29.9	24.4	0	112.4	11.0
	65.0	14.2	29.4	23.6	0	112.3	9.4
	75.5	16.5	30.9	22.1	0	111.4	24.3
	80.0	17.5	32.8	20.8	0	110.9	7.0
#
F568-3							
	1.7	0.6	0.5	8.7	0	12.4	8.6
	3.0	1.1	0.9	14.8	0	21.9	6.2
	5.0	1.9	1.5	22.3	0	37.9	6.2
	7.0	2.6	2.2	26.7	0	53.1	9.5
	9.0	3.4	3.4	28.8	0	68.0	6.2
	11.5	4.3	6.4	30.4	0	82.3	6.2
	12.8	4.8	8.5	31.0	0	85.7	6.3
	15.9	5.9	14.5	32.3	0	89.5	15.6
	22.8	8.5	26.4	34.5	0	95.2	15.5
	25.5	9.5	29.8	35.2	0	97.5	6.2
	30.0	11.2	33.3	34.6	0	101.1	10.2
#
F571-8							
	1.0	0.2	0.9	5.6	17.0	12.4	7.0
	3.0	0.7	2.6	15.8	45.3	37.5	4.0
	5.0	1.2	3.8	23.4	58.1	56.5	4.0
	9.0	2.1	5.2	32.5	54.4	69.1	4.0
	13.5	3.1	6.9	38.8	47.2	85.5	7.5
	14.5	3.4	7.1	39.7	45.4	87.1	8.4
	18.6	4.3	8.2	42.4	39.5	105.0	4.0
	21.0	4.9	8.7	43.2	36.9	111.6	6.7
	23.8	5.5	9.2	43.7	34.3	116.0	4.0
	27.9	6.5	10.2	43.7	31.4	124.2	4.0
	36.2	8.4	11.0	42.2	27.3	134.6	4.0
	42.8	10.0	11.5	40.2	25.0	140.1	4.0
	60.0	14.0	11.0	34.5	21.0	143.9	5.0
#
F579-V1							
	1.0	0.4	-1.7	5.1	0	35.7	9.1	
	3.4	1.4	-4.3	16.2	0	83.3	9.3
	5.0	2.0	-3.8	21.8	0	94.2	10.4
	6.6	2.7	-0.8	25.3	0	97.6	9.1	
	9.0	3.7	5.9	28.3	0	101.4	9.1	
	11.0	4.5	10.5	30.5	0	105.0	16.7
	13.0	5.4	13.2	33.1	0	106.2	9.1	
	14.6	6.0	14.9	35.2	0	107.9	11.5
	17.0	7.0	18.0	37.8	0	110.4	23.0
	19.0	7.8	20.8	39.1	0	112.0	19.7
	21.0	8.7	23.2	39.6	0	113.2	9.1	
	25.0	10.3	26.4	39.0	0	114.0	9.1	
	28.0	11.6	28.3	38.6	0	114.4	9.1	
	35.0	14.4	33.0	34.7	0	114.2	11.2
#
# F583-1						
	0.3	0.1	-0.1	0.4	0	1.1	11.1
	2.8	0.4	-0.9	4.0	0	10.0	7.0
	5.0	0.8	-1.5	6.7	0	17.4	9.6
	6.9	1.1	-2.2	8.5	0	23.5	11.2
	9.0	1.4	-2.8	10.1	0	31.0	5.2
	13.1	2.0	-3.4	12.38	0	40.9	5.9
	14.7	2.3	-3.9	13.05	0	44.8	4.5
	17.9	2.8	-5.1	14.15	0	51.7	12.7
	20.0	3.1	-4.4	14.7	0	55.7	4.5
	24.1	3.7	2.7	15.31	0	62.0	4.5
	27.9	4.3	7.7	15.37	0	66.6	6.9
	33.8	5.3	13.2	15.03	0	72.3	15.5
	35.2	5.5	14.5	14.92	0	73.4	6.0
	40.7	6.3	19.1	14.38	0	77.1	12.1
	46.2	7.2	23.5	13.77	0	80.3	13.5
	60.0	9.3	30.7	12.27	0	84.7	6.0
	90.0	14.0	38.2	9.823	0	86.9	5.6
#
F583-4
	1.0	0.2	0.5	2.4	0	10.7	4.9	
	3.0	0.7	1.7	6.9	0	24.7	4.9	
	5.0	1.2	3.0	10.6	0	38.9	4.9	
	15.0	3.6	8.1	17.0	0	55.0	4.9	
	17.0	4.0	8.9	17.9	0	57.2	4.9	
	19.5	4.6	10.2	19.2	0	59.8	4.9	
	23.5	5.6	12.8	20.2	0	64.4	4.9	
	26.0	6.2	14.2	20.3	0	67.2	4.9	
	28.3	6.7	15.2	20.2	0	69.9	4.9	
#							
F730-V1							
	1.0	0.7	0	0	0	42.2	5.3
	3.0	2.1	0	0	0	89.8	6.6
	5.0	3.4	0	0	0	110.0	7.7
	7.1	5.0	0	0	0	128.0	10.4
	9.0	6.3	0	0	0	130.4	5.2
	11.0	7.7	0	0	0	132.5	9.3
	13.0	9.1	0	0	0	141.7	10.2
	17.0	11.9	0	0	0	145.3	7.1
#
U4115							
	3.8	0.06	0	0	0	3.1	4.2	
	9.0	0.14	0	0	0	7.7	4.2
	15.0	0.23	0	0	0	12.0	4.2	
	20.0	0.31	0	0	0	15.7	9.1
	22.1	0.34	0	0	0	17.3	4.9
	26.2	0.40	0	0	0	20.2	11.2
	28.3	0.44	0	0	0	21.5	6.3
	33.1	0.51	0	0	0	24.3	4.2	
	34.8	0.54	0	0	0	25.3	4.2	
	38.6	0.60	0	0	0	27.7	4.2	
	44.8	0.70	0	0	0	31.6	4.2	
	57.3	0.89	0	0	0	38.0	4.2	
	62.4	0.97	0	0	0	39.8	4.2 	
#
U5750							
	1.0	0.3	1.0	2.9	0	3.1	4.5
	5.0	1.4	4.7	12.8	0	15.7	8.5
	9.0	2.4	7.7	16.8	0	28.0	10.0
	11.7	3.2	9.6	17.7	0	36.0	11.0
	14.5	3.9	11.5	18.3	0	43.6	4.5
	17.0	4.6	13.0	18.9	0	49.8	4.5
	23.0	6.3	16.4	21.4	0	61.5	4.5
	27.6	7.5	18.6	23.1	0	68.1	12.2
	33.1	9.0	20.9	23.6	0	73.4	12.2
	40.0	10.9	23.4	22.8	0	77.6	11.0
	80.0	21.8	37.0	16.6	0	78.9	11.0
#
U6614							
	1.0	0.4	-1.2	9.9	22.0	13.1	6.8
	3.0	1.2	-3.6	27.7	61.9	68.2	33.8
	7.6	3.1	-8.0	41.3	98.9	194.0	16.7
	21.4	8.8	-15.7	44.3	73.9	171.5	8.1
	24.8	10.2	-16.3	45.7	69.1	170.2	10.7
	27.0	11.1	-16.2	48.1	66.3	170.1	6.8
	29.0	12.0	-16.1	51.1	64.0	170.9	6.8
	31.4	13.0	-16.1	55.0	61.5	171.8	12.1
	36.6	15.1	-15.6	61.2	57.0	173.6	19.6
        58.0	23.9	18.8	59.6	45.3	192.6	23.2
        61.0	25.2	21.1	57.7	44.2	194.1	23.0
	81.2	33.5	34.4	54.5	38.2	201.3	7.2
	85.6	35.3	37.6	56.3	37.2	202.3	17.1
        110.0	45.4	54.6	53.7	32.9	205.2	16.0
	150.0	61.9	61.6	43.1	28.2	203.9	16.0
#
U11454							
	1.0	0.4	0	0	0	18.5	4.4
	3.0	1.3	0	0	0	65.0	9.3
	5.0	2.2	0	0	0	91.4	4.4
	7.0	3.1	0	0	0	105.5	4.4
	9.0	4.0	0	0	0	115.9	12.4
	11.0	4.9	0	0	0	121.7	4.4
	13.0	5.7	0	0	0	129.7	4.4
	15.0	6.6	0	0	0	137.2	4.4
	16.6	7.3	0	0	0	142.1	5.5
	19.0	8.4	0	0	0	148.1	4.4
	23.0	10.2	0	0	0	151.9	4.4
	27.0	11.9	0	0	0	152.2	4.4
#
U11557							
	3.0	0.3	0	0	0	3.4	6.7
	9.0	0.9	0	0	0	14.5	7.3
	15.0	1.6	0	0	0	27.5	6.7
	21.0	2.2	0	0	0	38.2	8.9
	27.0	2.9	0	0	0	45.1	6.7
	33.0	3.5	0	0	0	51.7	6.7
	39.0	4.2	0	0	0	58.7	6.7
	45.0	4.8	0	0	0	65.2	6.7
	51.0	5.4	0	0	0	72.3	6.7
	58.0	6.2	0	0	0	80.4	6.7
#
U11583							
	3.0	0.07	0	0	0	2.1	4.0
	9.0	0.22	0	0	0	7.7	4.0
	15.0	0.36	0	0	0	13.8	5.3
	22.4	0.54	0	0	0	21.4	12.1
	29.0	0.70	0	0	0	26.7	4.0
	33.0	0.80	0	0	0	28.7	4.0
	39.0	0.95	0	0	0	30.4	4.0
	51.0	1.24	0	0	0	33.0	4.0
	55.5	1.35	0	0	0	34.0	4.0
	62.1	1.51	0	0	0	35.6	5.6
#
U11616							
	1.0	0.4	0	0	0	19.7	7.4
	3.0	1.1	0	0	0	54.7	5.8
	5.0	1.8	0	0	0	81.5	5.2
	7.0	2.5	0	0	0	99.3	4.5
	9.0	3.2	0	0	0	106.4	4.5
	11.0	3.9	0	0	0	113.4	5.8
	13.2	4.7	0	0	0	121.0	12.2
	15.0	5.3	0	0	0	124.4	4.5
	17.0	6.0	0	0	0	126.1	4.5
	19.2	6.8	0	0	0	127.5	11.8
	21.0	7.4	0	0	0	129.9	4.6
	24.1	8.5	0	0	0	135.6	13.4
	27.0	9.6	0	0	0	142.8	8.2
#
U11648							
	1.0	0.2	0	0	0	16.7	11.3
	3.0	0.7	0	0	0	45.4	9.1
	5.0	1.2	0	0	0	64.7	4
	7.0	1.6	0	0	0	71.7	4.4
	9.0	2.1	0	0	0	74.8	10.1
	10.0	2.3	0	0	0	75.7	8.8
	13.0	3.0	0	0	0	82.0	4
	15.0	3.5	0	0	0	86.9	4
	17.8	4.1	0	0	0	93.9	5.8
	18.3	4.3	0	0	0	94.8	4.6
	21.0	4.9	0	0	0	99.3	9.3
	23.9	5.6	0	0	0	103.4	4
	25.0	5.8	0	0	0	104.6	5.9
	26.1	6.1	0	0	0	105.7	4
	28.4	6.6	0	0	0	108.1	6.2
	33.6	7.8	0	0	0	114.7	4.7
	37.4	8.7	0	0	0	120.1	4
	41.3	9.6	0	0	0	125.6	8.2
	45.0	10.5	0	0	0	130.7	6.3
	47.8	11.1	0	0	0	134.7	4
	50.5	11.8	0	0	0	138.6	4
	54.7	12.7	0	0	0	144.6	4
#
U11748							
	1.0	0.4	0	0	0	30.2	19.6
	3.0	1.1	0	0	0	98.4	29.6
	5.0	1.8	0	0	0	184.5	15.5
	7.0	2.5	0	0	0	225.1	14.5
	9.0	3.2	0	0	0	234.2	4.0
	13.0	4.6	0	0	0	246.6	6.0
	15.0	5.3	0	0	0	250.0	5.0
	17.0	6.0	0	0	0	247.0	15.7
	18.0	6.4	0	0	0	245.1	14.6
	21.0	7.4	0	0	0	242.2	7.5
	25.1	8.9	0	0	0	239.6	11.4
	26.9	9.5	0	0	0	238.4	12.4
	29.2	10.3	0	0	0	236.5	10.2
	33.0	11.7	0	0	0	231.3	4.9
	39.0	13.8	0	0	0	225.1	4.08
	45.0	15.9	0	0	0	226.0	4.08
	52.6	18.6	0	0	0	233.9	11.5
	59.2	21.0	0	0	0	246.5	7.3
#
U11819							
	3.0	0.9	0	0	0	35.1	12.1
	5.0	1.5	0	0	0	56.6	10.8
	6.2	1.8	0	0	0	68.0	11.2
	9.0	2.6	0	0	0	86.9	4.3
	11.0	3.2	0	0	0	96.4	4.3
	13.0	3.8	0	0	0	105.9	6.0
	15.9	4.6	0	0	0	122.3	11.3
	17.9	5.2	0	0	0	131.7	4.3
	18.3	5.3	0	0	0	133.4	7.0
	21.0	6.1	0	0	0	141.5	4.3
	22.1	6.4	0	0	0	143.7	13.9
	24.8	7.2	0	0	0	148.0	11.1
	29.0	8.4	0	0	0	153.1	11.6
	30.7	8.9	0	0	0	154.7	4.2
	40.0	11.7	0	0	0	152.6	11.0
#
ESO0140040						
	1.0	1.0	0	0	0	76.9	36.3
	3.0	3.1	0	0	0	166.8	19.1
	5.5	5.7	0	0	0	209.0	46.4
	6.3	6.5	0	0	0	212.8	6.6
	9.0	9.3	0	0	0	240.1	10.5
	11.2	11.5	0	0	0	245.4	59.1
	20.6	21.2	0	0	0	272.7	8.8
	28.4	29.2	0	0	0	262.8	33.2
#
ESO0840411						
	3.5	1.4	0	0	0	14.5	4.0
	4.1	1.6	0	0	0	16.6	4.0
	7.0	2.7	0	0	0	24.7	4.0
	9.8	3.8	0	0	0	31.9	6.4
	13.0	5.0	0	0	0	40.1	8.3
	16.6	6.4	0	0	0	48.9	5.8
	19.0	7.4	0	0	0	54.7	4.0
	20.1	7.8	0	0	0	56.9	18.2
	22.8	8.9	0	0	0	61.3	4.7
#
ESO1200211						
	1.4	0.10	0	0	0	2.1	4.2
	5.0	0.36	0	0	0	7.5	4.2
	9.0	0.66	0	0	0	13.4	5.8
	13.0	0.95	0	0	0	19.0	4.2
	17.0	1.24	0	0	0	22.0	4.2
	20.0	1.46	0	0	0	22.1	4.2
	23.0	1.68	0	0	0	21.5	4.2
	25.1	1.83	0	0	0	21.6	4.2
	27.1	1.97	0	0	0	21.7	4.2
	31.2	2.27	0	0	0	22.1	4.6
	35.3	2.57	0	0	0	23.2	4.7
	40.5	2.95	0	0	0	24.1	7.0
	44.4	3.23	0	0	0	24.8	7.9
	48.0	3.50	0	0	0	25.4	6.5
#
ESO1870510						
	7.1	0.62	0	0	0	18.4	4.7
	9.2	0.80	0	0	0	21.8	4.7
	10.8	0.94	0	0	0	23.8	4.7
	13.0	1.13	0	0	0	26.2	4.7
	15.0	1.31	0	0	0	28.3	4.7
	17.3	1.51	0	0	0	30.4	4.7
	19.7	1.72	0	0	0	33.0	4.7
	21.8	1.91	0	0	0	35.2	5.5
	25.0	2.18	0	0	0	37.8	4.7
	31.1	2.72	0	0	0	39.9	4.7
	34.8	3.04	0	0	0	39.9	4.7
#
ESO2060140						
	1.0	0.29	0	0	0	17.8	16.3
	3.0	0.87	0	0	0	48.2	6.2
	4.9	1.43	0	0	0	70.6	17.5
	7.0	2.04	0	0	0	84.0	6.5
	9.0	2.62	0	0	0	90.3	6.9
	11.4	3.32	0	0	0	95.2	9.5
	12.7	3.70	0	0	0	98.3	7.5
	17.8	5.18	0	0	0	112.5	6.2
	21.0	6.12	0	0	0	116.2	6.2
	24.6	7.16	0	0	0	115.7	6.2
	27.0	7.86	0	0	0	115.4	6.2
	28.4	8.27	0	0	0	116.0	6.8
	31.1	9.06	0	0	0	117.3	15.7
	32.4	9.44	0	0	0	117.4	6.2
	40.0	11.65	0	0	0	118.0	6.2
#
ESO3020120						
	0.6	0.20	0	0	0	5.9	12.0
	2.1	0.70	0	0	0	19.6	12.0
	4.2	1.40	0	0	0	36.3	12.0
	6.7	2.24	0	0	0	52.6	4.8
	10.8	3.62	0	0	0	70.7	16.6
	13.0	4.35	0	0	0	75.9	15.4
	15.7	5.26	0	0	0	79.7	13.2
	17.8	5.96	0	0	0	81.7	15.1
	23.0	7.70	0	0	0	84.0	12.1
	30.0	10.0	0	0	0	86.3	12.4
	32.7	10.95	0	0	0	86.0	13.2
#
ESO3050090  						
	7.5	0.41	0	0	0	11.0	13.3
	8.2	0.45	0	0	0	11.9	13.8
	10.7	0.59	0	0	0	15.0	7.1
	15.6	0.86	0	0	0	19.5	3.8
	20.4	1.11	0	0	0	23.0	12.5
	22.1	1.21	0	0	0	24.3	8.3
	26.2	1.44	0	0	0	27.3	6.8
	29.2	1.60	0	0	0	29.4	13.1
	40.1	2.20	0	0	0	35.9	5.0
	58.5	3.21	0	0	0	47.1	12.9
	61.9	3.40	0	0	0	49.1	17.5
	65.3	3.58	0	0	0	51.1	7.0
	70.0	3.84 	0	0	0	53.4	16.5
	75.1	4.12 	0	0	0	54.5	5.0
	80.6	4.42	0	0	0	54.6	14.6
	87.7	4.81	0	0	0	54.0	13.9
#
ESO4250180						
	1.0	0.4	0	0	0	21.8	20.9
	11.6	4.9	0	0	0	90.4	18.9
	12.9	5.4	0	0	0	94.8	30.8
	21.1	8.9	0	0	0	115.5	62.4
	23.1	9.8	0	0	0	121.7	7.2
	25.2	10.6	0	0	0	129.1	18.6
	28.6	12.1	0	0	0	134.4	18.7
	34.0	14.4	0	0	0	144.5	18.0
#
ESO4880049						
	0.2	0.02	0	0	0	0.96	8.1
	7.0	0.75	0	0	0	30.4	11.7
	9.0	0.96	0	0	0	37.8	28.2
	12.3	1.31	0	0	0	48.9	4.5
	22.5	2.40	0	0	0	69.5	6.5
	27.2	2.90	0	0	0	74.9	12.7
	29.5	3.15	0	0	0	78.0	13.6
	34.9	3.73	0	0	0	84.2	4.5
	44.7	4.77	0	0	0	92.4	9.6
	49.5	5.29	0	0	0	95.0	4.5
	56.2	6.00	0	0	0	97.1	21.7